image_id,individual_id,species,canonical_label,bucket,bioclip_prediction,bioclip_confidence,bioclip_correct,dinov3_prediction,dinov3_confidence,dinov3_correct,efficientnet_prediction,efficientnet_confidence,efficientnet_correct,thumbnail_url,image_url
baskauf/10432,ind-baskauf/10432,Fagus grandifolia,bark,both correct,bark,0.9928262060921144,True,bark,0.9937568788379385,True,bark,0.9968901760707602,True,https://bioimages.vanderbilt.edu/tn/baskauf/tfagr--br10432.jpg,https://bioimages.vanderbilt.edu/gq/baskauf/gfagr--br10432.jpg
baskauf/10502,vanderbilt/12-126,Ginkgo biloba,twig,both wrong,cone,0.5311866985262088,False,flower,0.7176127314488951,False,flower,0.6254345686641476,False,https://bioimages.vanderbilt.edu/tn/baskauf/tgibi2-lfdevel10502.jpg,https://bioimages.vanderbilt.edu/gq/baskauf/ggibi2-lfdevel10502.jpg
baskauf/10550,ind-baskauf/10432,Fagus grandifolia,fruit,both correct,fruit,0.9762745646863168,True,fruit,0.9828005959674709,True,fruit,0.7433558192392257,True,https://bioimages.vanderbilt.edu/tn/baskauf/tfagr--fr10550.jpg,https://bioimages.vanderbilt.edu/gq/baskauf/gfagr--fr10550.jpg
baskauf/10554,vanderbilt/12-126,Ginkgo biloba,cone,both wrong,flower,0.5309278835366048,False,flower,0.6112313611545862,False,flower,0.7203728088550452,False,https://bioimages.vanderbilt.edu/tn/baskauf/tgibi2-comale10554.jpg,https://bioimages.vanderbilt.edu/gq/baskauf/ggibi2-comale10554.jpg
baskauf/10556,vanderbilt/12-126,Ginkgo biloba,needle,both wrong,twig,0.9100716006489412,False,cone,0.97755974268818,False,fruit,0.5806908335983275,False,https://bioimages.vanderbilt.edu/tn/baskauf/tgibi2-lfpetiole-close10556.jpg,https://bioimages.vanderbilt.edu/gq/baskauf/ggibi2-lfpetiole-close10556.jpg
baskauf/10557,vanderbilt/12-126,Ginkgo biloba,twig,both wrong,cone,0.6906027278358381,False,cone,0.6915098807726286,False,flower,0.3443055693917961,False,https://bioimages.vanderbilt.edu/tn/baskauf/tgibi2-twdevel-lf10557.jpg,https://bioimages.vanderbilt.edu/gq/baskauf/ggibi2-twdevel-lf10557.jpg
baskauf/10904,ind-baskauf/10904,Ailanthus altissima,whole plant,both wrong,fruit,0.43244091505023,False,leaf,0.865951322361549,False,whole plant,0.5204625819800667,True,https://bioimages.vanderbilt.edu/tn/baskauf/taial--wpsmall10904.jpg,https://bioimages.vanderbilt.edu/gq/baskauf/gaial--wpsmall10904.jpg
baskauf/10938,ind-baskauf/10938,Rhus copallinum,leaf,both correct,leaf,0.4927825738237344,True,leaf,0.9578622392528621,True,leaf,0.44066803757271705,True,https://bioimages.vanderbilt.edu/tn/baskauf/trhcol2lfseveral10938.jpg,https://bioimages.vanderbilt.edu/gq/baskauf/grhcol2lfseveral10938.jpg
baskauf/10939,ind-baskauf/10938,Rhus copallinum,leaf,both correct,leaf,0.7702233187245503,True,leaf,0.9992556596712112,True,leaf,0.8870099336636204,True,https://bioimages.vanderbilt.edu/tn/baskauf/trhcol2lf10939.jpg,https://bioimages.vanderbilt.edu/gq/baskauf/grhcol2lf10939.jpg
baskauf/10942,ind-baskauf/10938,Rhus copallinum,twig,both correct,twig,0.9648218684209009,True,twig,0.9468407045818525,True,twig,0.8642439687206427,True,https://bioimages.vanderbilt.edu/tn/baskauf/trhcol2twclose10942.jpg,https://bioimages.vanderbilt.edu/gq/baskauf/grhcol2twclose10942.jpg
baskauf/11037,ind-baskauf/11037,Ulmus rubra,leaf,both correct,leaf,0.8830354389751636,True,leaf,0.998777179761181,True,leaf,0.9533470237703875,True,https://bioimages.vanderbilt.edu/tn/baskauf/tulru--lfseveral11037.jpg,https://bioimages.vanderbilt.edu/gq/baskauf/gulru--lfseveral11037.jpg
baskauf/11038,ind-baskauf/11037,Ulmus rubra,leaf,both correct,leaf,0.9107666949569263,True,leaf,0.9976734411512695,True,leaf,0.9021454395445895,True,https://bioimages.vanderbilt.edu/tn/baskauf/tulru--lf11038.jpg,https://bioimages.vanderbilt.edu/gq/baskauf/gulru--lf11038.jpg
baskauf/11064,ind-baskauf/11064,Populus deltoides,fruit,BioCLIP correct / DINO wrong,fruit,0.5881036803345181,True,flower,0.7263589957563291,False,flower,0.6089226844553023,False,https://bioimages.vanderbilt.edu/tn/baskauf/tpode3-frin-fruit11064.jpg,https://bioimages.vanderbilt.edu/gq/baskauf/gpode3-frin-fruit11064.jpg
baskauf/11066,ind-baskauf/11064,Populus deltoides,bark,DINO correct / BioCLIP wrong,whole plant,0.917144649551678,False,bark,0.5157613929422956,True,bark,0.6650367206791422,True,https://bioimages.vanderbilt.edu/tn/baskauf/tpode3-brlarge11066.jpg,https://bioimages.vanderbilt.edu/gq/baskauf/gpode3-brlarge11066.jpg
baskauf/11070,ind-baskauf/11064,Populus deltoides,leaf,both correct,leaf,0.48777572963361426,True,leaf,0.99874090248412,True,leaf,0.9742869253187149,True,https://bioimages.vanderbilt.edu/tn/baskauf/tpode3-lf11070.jpg,https://bioimages.vanderbilt.edu/gq/baskauf/gpode3-lf11070.jpg
baskauf/11449,ind-baskauf/11449,Betula alleghaniensis,bark,both correct,bark,0.9406639834934336,True,bark,0.9981331683015484,True,bark,0.9875193533665277,True,https://bioimages.vanderbilt.edu/tn/baskauf/tbeal2-brlarge11449.jpg,https://bioimages.vanderbilt.edu/gq/baskauf/gbeal2-brlarge11449.jpg
baskauf/11492,ind-baskauf/11492,Tsuga canadensis,whole plant,both correct,whole plant,0.9226351640328652,True,whole plant,0.9532497781232567,True,whole plant,0.8168647311922516,True,https://bioimages.vanderbilt.edu/tn/baskauf/ttsca--wplarge-forest-11492.jpg,https://bioimages.vanderbilt.edu/gq/baskauf/gtsca--wplarge-forest-11492.jpg
baskauf/11493,ind-baskauf/11492,Tsuga canadensis,bark,both correct,bark,0.8439368756813633,True,bark,0.9995913246671211,True,bark,0.981724921783122,True,https://bioimages.vanderbilt.edu/tn/baskauf/ttsca--br11493.jpg,https://bioimages.vanderbilt.edu/gq/baskauf/gtsca--br11493.jpg
baskauf/11522,ind-baskauf/11522,Juniperus virginiana,whole plant,DINO correct / BioCLIP wrong,cone,0.4925061557507715,False,whole plant,0.9831369558041496,True,whole plant,0.9772435268159851,True,https://bioimages.vanderbilt.edu/tn/baskauf/tjuvi--wplarge11522.jpg,https://bioimages.vanderbilt.edu/gq/baskauf/gjuvi--wplarge11522.jpg
baskauf/11524,ind-baskauf/11522,Juniperus virginiana,bark,both correct,bark,0.8009781383265502,True,bark,0.9985038764208237,True,bark,0.9932115320331479,True,https://bioimages.vanderbilt.edu/tn/baskauf/tjuvi--brlarge-tree11524.jpg,https://bioimages.vanderbilt.edu/gq/baskauf/gjuvi--brlarge-tree11524.jpg
baskauf/11534,ind-baskauf/11534,Castanea dentata,bark,both correct,bark,0.6018134074809098,True,bark,0.7268302537055557,True,bark,0.6710349175200415,True,https://bioimages.vanderbilt.edu/tn/baskauf/tcade12wplog11534.jpg,https://bioimages.vanderbilt.edu/gq/baskauf/gcade12wplog11534.jpg
baskauf/11653,ind-baskauf/11653,Tilia americana,twig,both correct,twig,0.9997827392035082,True,twig,0.999843309429805,True,twig,0.9055165486666201,True,https://bioimages.vanderbilt.edu/tn/baskauf/ttiamh-twbud11653.jpg,https://bioimages.vanderbilt.edu/gq/baskauf/gtiamh-twbud11653.jpg
baskauf/11656,ind-baskauf/11653,Tilia americana,twig,both correct,twig,0.8782535685051298,True,twig,0.9106548327896806,True,twig,0.48455092580456866,True,https://bioimages.vanderbilt.edu/tn/baskauf/ttiamh-tw11656.jpg,https://bioimages.vanderbilt.edu/gq/baskauf/gtiamh-tw11656.jpg
baskauf/11687,ind-baskauf/11687,Ulmus americana,leaf,both correct,leaf,0.9558494538264358,True,leaf,0.9967229713142151,True,leaf,0.963164214782664,True,https://bioimages.vanderbilt.edu/tn/baskauf/tulam--lfseveral11687.jpg,https://bioimages.vanderbilt.edu/gq/baskauf/gulam--lfseveral11687.jpg
baskauf/11688,ind-baskauf/11687,Ulmus americana,leaf,both correct,leaf,0.9919319158331135,True,leaf,0.9967572077615449,True,leaf,0.9857085636604825,True,https://bioimages.vanderbilt.edu/tn/baskauf/tulam--lf11688.jpg,https://bioimages.vanderbilt.edu/gq/baskauf/gulam--lf11688.jpg
baskauf/11689,ind-baskauf/11687,Ulmus americana,leaf,both correct,leaf,0.9968207218503874,True,leaf,0.9992886910260178,True,leaf,0.9917653108601003,True,https://bioimages.vanderbilt.edu/tn/baskauf/tulam--lflower11689.jpg,https://bioimages.vanderbilt.edu/gq/baskauf/gulam--lflower11689.jpg
baskauf/11690,ind-baskauf/11687,Ulmus americana,bark,both correct,bark,0.9992393629306332,True,bark,0.9998013869459088,True,bark,0.9942485897665456,True,https://bioimages.vanderbilt.edu/tn/baskauf/tulam--brsmall11690.jpg,https://bioimages.vanderbilt.edu/gq/baskauf/gulam--brsmall11690.jpg
baskauf/11812,ind-baskauf/11812,Juglans cinerea,bark,both correct,bark,0.999781220060526,True,bark,0.9992781776452879,True,bark,0.9898483704131142,True,https://bioimages.vanderbilt.edu/tn/baskauf/tjuci--brmed-close11812.jpg,https://bioimages.vanderbilt.edu/gq/baskauf/gjuci--brmed-close11812.jpg
baskauf/11813,ind-baskauf/11812,Juglans cinerea,bark,both correct,bark,0.8974892396005435,True,bark,0.9682707383862678,True,bark,0.9289102027924362,True,https://bioimages.vanderbilt.edu/tn/baskauf/tjuci--brmedium11813.jpg,https://bioimages.vanderbilt.edu/gq/baskauf/gjuci--brmedium11813.jpg
baskauf/11815,ind-baskauf/11812,Juglans cinerea,whole plant,DINO correct / BioCLIP wrong,bark,0.4669721846724712,False,whole plant,0.740247535184436,True,bark,0.4591486474059425,False,https://bioimages.vanderbilt.edu/tn/baskauf/tjuci--wplookup-med11815.jpg,https://bioimages.vanderbilt.edu/gq/baskauf/gjuci--wplookup-med11815.jpg
baskauf/11961,ind-baskauf/11961,Prunus serotina,leaf,both correct,leaf,0.9451941525038676,True,leaf,0.9980893113443654,True,leaf,0.8753625139686733,True,https://bioimages.vanderbilt.edu/tn/baskauf/tprse2-lfseveral11961.jpg,https://bioimages.vanderbilt.edu/gq/baskauf/gprse2-lfseveral11961.jpg
baskauf/11962,ind-baskauf/11961,Prunus serotina,leaf,both correct,leaf,0.9236747780835873,True,leaf,0.9965834339090411,True,leaf,0.9828749310682583,True,https://bioimages.vanderbilt.edu/tn/baskauf/tprse2-lf11962.jpg,https://bioimages.vanderbilt.edu/gq/baskauf/gprse2-lf11962.jpg
baskauf/11964,ind-baskauf/11961,Prunus serotina,fruit,both correct,fruit,0.7825428264672314,True,fruit,0.9995908704868979,True,flower,0.41734309420603255,False,https://bioimages.vanderbilt.edu/tn/baskauf/tprse2-frdevel-dist11964.jpg,https://bioimages.vanderbilt.edu/gq/baskauf/gprse2-frdevel-dist11964.jpg
baskauf/11966,ind-baskauf/11961,Prunus serotina,fruit,both correct,fruit,0.7787668047442577,True,fruit,0.9993774051967125,True,fruit,0.8183584035664205,True,https://bioimages.vanderbilt.edu/tn/baskauf/tprse2-frdevel11966.jpg,https://bioimages.vanderbilt.edu/gq/baskauf/gprse2-frdevel11966.jpg
baskauf/11993,ind-baskauf/11993,Carya cordiformis,leaf,both correct,leaf,0.9816608655121405,True,leaf,0.9998166806770825,True,leaf,0.9816147877197043,True,https://bioimages.vanderbilt.edu/tn/baskauf/tcaco15lf11993.jpg,https://bioimages.vanderbilt.edu/gq/baskauf/gcaco15lf11993.jpg
baskauf/11995,ind-baskauf/11993,Carya cordiformis,twig,both correct,twig,0.9890292999933986,True,twig,0.9987888441643886,True,twig,0.7633919511681226,True,https://bioimages.vanderbilt.edu/tn/baskauf/tcaco15twax-bud11995.jpg,https://bioimages.vanderbilt.edu/gq/baskauf/gcaco15twax-bud11995.jpg
baskauf/11996,ind-baskauf/11993,Carya cordiformis,whole plant,both correct,whole plant,0.5281682239469208,True,whole plant,0.8107726377666854,True,leaf,0.3760901122464891,False,https://bioimages.vanderbilt.edu/tn/baskauf/tcaco15wpsmall11996.jpg,https://bioimages.vanderbilt.edu/gq/baskauf/gcaco15wpsmall11996.jpg
baskauf/11997,ind-baskauf/11993,Carya cordiformis,twig,DINO correct / BioCLIP wrong,leaf,0.7028546502294108,False,twig,0.9856794188545965,True,twig,0.7487699899144358,True,https://bioimages.vanderbilt.edu/tn/baskauf/tcaco15twterm-bud11997.jpg,https://bioimages.vanderbilt.edu/gq/baskauf/gcaco15twterm-bud11997.jpg
baskauf/12021,ind-baskauf/12021,Ostrya virginiana,bark,both correct,bark,0.8922622496467458,True,bark,0.9991712875558677,True,bark,0.9735768511057161,True,https://bioimages.vanderbilt.edu/tn/baskauf/tosvi--brmedium12021.jpg,https://bioimages.vanderbilt.edu/gq/baskauf/gosvi--brmedium12021.jpg
baskauf/12050,ind-baskauf/12050,Quercus muehlenbergii,bark,both correct,bark,0.9943382611160139,True,bark,0.9997443498584092,True,bark,0.9906124361642248,True,https://bioimages.vanderbilt.edu/tn/baskauf/tqumu--brmed12050.jpg,https://bioimages.vanderbilt.edu/gq/baskauf/gqumu--brmed12050.jpg
baskauf/12055,ind-baskauf/12050,Quercus muehlenbergii,whole plant,DINO correct / BioCLIP wrong,leaf,0.9283790938376285,False,whole plant,0.9402341168180433,True,whole plant,0.7549154977212524,True,https://bioimages.vanderbilt.edu/tn/baskauf/tqumu--wpmed-in-forest12055.jpg,https://bioimages.vanderbilt.edu/gq/baskauf/gqumu--wpmed-in-forest12055.jpg
baskauf/12403,vanderbilt/7-324,Quercus alba,leaf,both correct,leaf,0.8683181225793336,True,leaf,0.9874307537968299,True,leaf,0.42001744326543006,True,https://bioimages.vanderbilt.edu/tn/baskauf/tqual--lfsun12403.jpg,https://bioimages.vanderbilt.edu/gq/baskauf/gqual--lfsun12403.jpg
baskauf/12405,vanderbilt/7-324,Quercus alba,fruit,both wrong,flower,0.452134352065869,False,cone,0.46079469080392876,False,cone,0.6446506557271827,False,https://bioimages.vanderbilt.edu/tn/baskauf/tqual--frdevel12405.jpg,https://bioimages.vanderbilt.edu/gq/baskauf/gqual--frdevel12405.jpg
baskauf/12407,vanderbilt/7-324,Quercus alba,leaf,both correct,leaf,0.9373842272712289,True,leaf,0.9993299877183337,True,leaf,0.9380840272028562,True,https://bioimages.vanderbilt.edu/tn/baskauf/tqual--lfshade12407.jpg,https://bioimages.vanderbilt.edu/gq/baskauf/gqual--lfshade12407.jpg
baskauf/12409,vanderbilt/7-324,Quercus alba,whole plant,both correct,whole plant,0.9999172626462505,True,whole plant,0.9999567457765276,True,whole plant,0.9887117729845466,True,https://bioimages.vanderbilt.edu/tn/baskauf/tqual--wplarge12409.jpg,https://bioimages.vanderbilt.edu/gq/baskauf/gqual--wplarge12409.jpg
baskauf/12511,vanderbilt/7-324,Quercus alba,leaf,both correct,leaf,0.9982763312470442,True,leaf,0.9985726134120679,True,leaf,0.9853990428004895,True,https://bioimages.vanderbilt.edu/tn/baskauf/tqual--lflower12511.jpg,https://bioimages.vanderbilt.edu/gq/baskauf/gqual--lflower12511.jpg
baskauf/12516,vanderbilt/7-324,Quercus alba,leaf,both correct,leaf,0.9788453105495488,True,leaf,0.9962042184308152,True,leaf,0.9453336016699856,True,https://bioimages.vanderbilt.edu/tn/baskauf/tqual--lfsun-shade12516.jpg,https://bioimages.vanderbilt.edu/gq/baskauf/gqual--lfsun-shade12516.jpg
baskauf/12528,vanderbilt/7-324,Quercus alba,leaf,both correct,leaf,0.9756008178436567,True,leaf,0.9965001848021884,True,leaf,0.7712584730190701,True,https://bioimages.vanderbilt.edu/tn/baskauf/tqual--lflower-micro12528.jpg,https://bioimages.vanderbilt.edu/gq/baskauf/gqual--lflower-micro12528.jpg
baskauf/13650,ind-baskauf/13650,Carya ovata,bark,DINO correct / BioCLIP wrong,twig,0.6850802390435218,False,bark,0.9995405304989388,True,bark,0.9922023849420022,True,https://bioimages.vanderbilt.edu/tn/baskauf/tcaov2-brlarge-tree13650.jpg,https://bioimages.vanderbilt.edu/gq/baskauf/gcaov2-brlarge-tree13650.jpg
baskauf/13654,ind-baskauf/13650,Carya ovata,whole plant,DINO correct / BioCLIP wrong,leaf,0.5534701699722775,False,whole plant,0.8162271431880596,True,whole plant,0.501693806317117,True,https://bioimages.vanderbilt.edu/tn/baskauf/tcaov2-wplookup-large13654.jpg,https://bioimages.vanderbilt.edu/gq/baskauf/gcaov2-wplookup-large13654.jpg
baskauf/15103,ind-baskauf/15103,Cornus florida,fruit,both correct,fruit,0.9290360049604199,True,fruit,0.9990233868653307,True,fruit,0.9274470373509892,True,https://bioimages.vanderbilt.edu/tn/baskauf/tcofl2-fr15103.jpg,https://bioimages.vanderbilt.edu/gq/baskauf/gcofl2-fr15103.jpg
baskauf/15104,ind-baskauf/15103,Cornus florida,twig,both wrong,fruit,0.7425317350939702,False,fruit,0.7880055284896353,False,fruit,0.5074574110780037,False,https://bioimages.vanderbilt.edu/tn/baskauf/tcofl2-twbuds-fruit15104.jpg,https://bioimages.vanderbilt.edu/gq/baskauf/gcofl2-twbuds-fruit15104.jpg
baskauf/15105,ind-baskauf/15103,Cornus florida,twig,both wrong,fruit,0.7485819978359982,False,fruit,0.9118690615319186,False,fruit,0.6900153381622377,False,https://bioimages.vanderbilt.edu/tn/baskauf/tcofl2-tw15105.jpg,https://bioimages.vanderbilt.edu/gq/baskauf/gcofl2-tw15105.jpg
baskauf/15307,ind-baskauf/15307,Acer negundo,leaf,both correct,leaf,0.9932581263213074,True,leaf,0.9980524879781102,True,leaf,0.7910458267923284,True,https://bioimages.vanderbilt.edu/tn/baskauf/tacne2-lf5-lflets15307.jpg,https://bioimages.vanderbilt.edu/gq/baskauf/gacne2-lf5-lflets15307.jpg
baskauf/15308,ind-baskauf/15307,Acer negundo,twig,both correct,twig,0.9769810337122586,True,twig,0.9982909613750105,True,twig,0.883259468219282,True,https://bioimages.vanderbilt.edu/tn/baskauf/tacne2-tw15308.jpg,https://bioimages.vanderbilt.edu/gq/baskauf/gacne2-tw15308.jpg
baskauf/15313,ind-baskauf/15307,Acer negundo,leaf,both correct,leaf,0.9721447758883457,True,leaf,0.9995899459705045,True,leaf,0.9694806791010079,True,https://bioimages.vanderbilt.edu/tn/baskauf/tacne2-lf3-lflets15313.jpg,https://bioimages.vanderbilt.edu/gq/baskauf/gacne2-lf3-lflets15313.jpg
baskauf/15316,ind-baskauf/15307,Acer negundo,leaf,both correct,leaf,0.8785718388341418,True,leaf,0.9929699558995165,True,leaf,0.9936068534028284,True,https://bioimages.vanderbilt.edu/tn/baskauf/tacne2-lfmargin-uplow15316.jpg,https://bioimages.vanderbilt.edu/gq/baskauf/gacne2-lfmargin-uplow15316.jpg
baskauf/15320,ind-baskauf/15307,Acer negundo,bark,both correct,bark,0.821550161122086,True,bark,0.9663267135789616,True,bark,0.8954153680512317,True,https://bioimages.vanderbilt.edu/tn/baskauf/tacne2-brsmall15320.jpg,https://bioimages.vanderbilt.edu/gq/baskauf/gacne2-brsmall15320.jpg
baskauf/15477,ind-baskauf/15477,Rhus glabra,whole plant,DINO correct / BioCLIP wrong,fruit,0.3808749206951459,False,whole plant,0.99595672491571,True,whole plant,0.736088472500182,True,https://bioimages.vanderbilt.edu/tn/baskauf/trhgl--wp15477.jpg,https://bioimages.vanderbilt.edu/gq/baskauf/grhgl--wp15477.jpg
baskauf/15615,vanderbilt/6-135,Quercus macrocarpa,fruit,both correct,fruit,0.6693845572348436,True,fruit,0.9943467140255376,True,fruit,0.905508556935754,True,https://bioimages.vanderbilt.edu/tn/baskauf/tquma2-fr15615.jpg,https://bioimages.vanderbilt.edu/gq/baskauf/gquma2-fr15615.jpg
baskauf/15620,vanderbilt/6-135,Quercus macrocarpa,twig,both correct,twig,0.9341799745095317,True,twig,0.9954989554280282,True,twig,0.9960234922994889,True,https://bioimages.vanderbilt.edu/tn/baskauf/tquma2-tw15620.jpg,https://bioimages.vanderbilt.edu/gq/baskauf/gquma2-tw15620.jpg
baskauf/15624,vanderbilt/6-135,Quercus macrocarpa,leaf,both correct,leaf,0.9969153629386848,True,leaf,0.9987776675225754,True,leaf,0.9347014707516084,True,https://bioimages.vanderbilt.edu/tn/baskauf/tquma2-lfmargin-uplow15624.jpg,https://bioimages.vanderbilt.edu/gq/baskauf/gquma2-lfmargin-uplow15624.jpg
baskauf/15643,vanderbilt/7-306,Quercus rubra,leaf,both correct,leaf,0.9915290250143082,True,leaf,0.9994295354398136,True,leaf,0.6949932403877006,True,https://bioimages.vanderbilt.edu/tn/baskauf/tquru--lfmargin-uplow15643.jpg,https://bioimages.vanderbilt.edu/gq/baskauf/gquru--lfmargin-uplow15643.jpg
baskauf/15687,ind-baskauf/15687,Sambucus nigra,fruit,DINO correct / BioCLIP wrong,whole plant,0.38988110376578927,False,fruit,0.948378248370481,True,fruit,0.40785836507449036,True,https://bioimages.vanderbilt.edu/tn/baskauf/tsanic4frin-fruit15687.jpg,https://bioimages.vanderbilt.edu/gq/baskauf/gsanic4frin-fruit15687.jpg
baskauf/15688,ind-baskauf/15687,Sambucus nigra,fruit,both correct,fruit,0.5032875034681126,True,fruit,0.9976272021704736,True,fruit,0.736003586077149,True,https://bioimages.vanderbilt.edu/tn/baskauf/tsanic4frcloseup15688.jpg,https://bioimages.vanderbilt.edu/gq/baskauf/gsanic4frcloseup15688.jpg
baskauf/15984,vanderbilt/12-177,Gymnocladus dioicus,whole plant,DINO correct / BioCLIP wrong,bark,0.9345484400546944,False,whole plant,0.9112790116595353,True,bark,0.7384733541755857,False,https://bioimages.vanderbilt.edu/tn/baskauf/tgydi--wplookup-large15984.jpg,https://bioimages.vanderbilt.edu/gq/baskauf/ggydi--wplookup-large15984.jpg
baskauf/15988,vanderbilt/12-177,Gymnocladus dioicus,bark,both correct,bark,0.9999428817563027,True,bark,0.999200526186074,True,bark,0.8740872375537471,True,https://bioimages.vanderbilt.edu/tn/baskauf/tgydi--brlarge15988.jpg,https://bioimages.vanderbilt.edu/gq/baskauf/ggydi--brlarge15988.jpg
baskauf/17542,vanderbilt/6-15,Pinus strobus,twig,both wrong,needle,0.9849695091476817,False,needle,0.9829449461466494,False,twig,0.390444692969832,True,https://bioimages.vanderbilt.edu/tn/baskauf/tpist--tw17542.jpg,https://bioimages.vanderbilt.edu/gq/baskauf/gpist--tw17542.jpg
baskauf/17544,vanderbilt/6-15,Pinus strobus,bark,both correct,bark,0.9862970544600134,True,bark,0.9987756320764986,True,bark,0.9849484194446188,True,https://bioimages.vanderbilt.edu/tn/baskauf/tpist--brmedium17544.jpg,https://bioimages.vanderbilt.edu/gq/baskauf/gpist--brmedium17544.jpg
baskauf/17546,vanderbilt/6-15,Pinus strobus,bark,both correct,bark,0.6242006399610192,True,bark,0.9163720674926406,True,bark,0.6666995614248726,True,https://bioimages.vanderbilt.edu/tn/baskauf/tpist--brsmall17546.jpg,https://bioimages.vanderbilt.edu/gq/baskauf/gpist--brsmall17546.jpg
baskauf/21454,ind-baskauf/21454,Salix nigra,flower,both correct,flower,0.7435277579861508,True,flower,0.6539452516080659,True,flower,0.5612235196337246,True,https://bioimages.vanderbilt.edu/tn/baskauf/tsani--flinflor21454.jpg,https://bioimages.vanderbilt.edu/gq/baskauf/gsani--flinflor21454.jpg
baskauf/21457,ind-baskauf/21454,Salix nigra,flower,both correct,flower,0.9123995930868344,True,flower,0.9914815665064609,True,flower,0.7435535488129311,True,https://bioimages.vanderbilt.edu/tn/baskauf/tsani--fl21457.jpg,https://bioimages.vanderbilt.edu/gq/baskauf/gsani--fl21457.jpg
baskauf/21465,ind-baskauf/21454,Salix nigra,fruit,both correct,fruit,0.49999186921006983,True,fruit,0.9858461555002122,True,flower,0.5761639671648818,False,https://bioimages.vanderbilt.edu/tn/baskauf/tsani--frdevel21465.jpg,https://bioimages.vanderbilt.edu/gq/baskauf/gsani--frdevel21465.jpg
baskauf/21865,ind-baskauf/21860,Fraxinus quadrangulata,bark,both correct,bark,0.9535212536712278,True,bark,0.99932083986379,True,bark,0.9928797340054002,True,https://bioimages.vanderbilt.edu/tn/baskauf/tfrqu--br21865.jpg,https://bioimages.vanderbilt.edu/gq/baskauf/gfrqu--br21865.jpg
baskauf/21999,ind-baskauf/21999,Robinia pseudoacacia,flower,both correct,flower,0.7600926793266088,True,flower,0.9731942865654151,True,flower,0.7792677417271896,True,https://bioimages.vanderbilt.edu/tn/baskauf/trops--flinflor21999.jpg,https://bioimages.vanderbilt.edu/gq/baskauf/grops--flinflor21999.jpg
baskauf/22004,ind-baskauf/21999,Robinia pseudoacacia,flower,both correct,flower,0.982113870248883,True,flower,0.9438833683041732,True,flower,0.9207924000063412,True,https://bioimages.vanderbilt.edu/tn/baskauf/trops--fl22004.jpg,https://bioimages.vanderbilt.edu/gq/baskauf/grops--fl22004.jpg
baskauf/22014,ind-baskauf/21999,Robinia pseudoacacia,flower,both correct,flower,0.8539957395313988,True,flower,0.9541073602017757,True,flower,0.6140413902033051,True,https://bioimages.vanderbilt.edu/tn/baskauf/trops--flinflor-close22014.jpg,https://bioimages.vanderbilt.edu/gq/baskauf/grops--flinflor-close22014.jpg
baskauf/23022,ind-baskauf/23021,Juglans nigra,flower,both correct,flower,0.8597723582347749,True,flower,0.9962208186722923,True,flower,0.9133800115681053,True,https://bioimages.vanderbilt.edu/tn/baskauf/tjuni--fl23022.jpg,https://bioimages.vanderbilt.edu/gq/baskauf/gjuni--fl23022.jpg
baskauf/23025,ind-baskauf/23021,Juglans nigra,flower,both correct,flower,0.981488471237688,True,flower,0.9977834799439624,True,flower,0.9856712817384637,True,https://bioimages.vanderbilt.edu/tn/baskauf/tjuni--flmale23025.jpg,https://bioimages.vanderbilt.edu/gq/baskauf/gjuni--flmale23025.jpg
baskauf/26131,ind-baskauf/26128,Picea rubens,needle,both correct,needle,0.6319363873328685,True,needle,0.9362824815751569,True,needle,0.547102200479694,True,https://bioimages.vanderbilt.edu/tn/baskauf/tpiru--lf26131.jpg,https://bioimages.vanderbilt.edu/gq/baskauf/gpiru--lf26131.jpg
baskauf/26308,ind-baskauf/26298,Viburnum lantanoides,twig,both correct,twig,0.8098193720164903,True,twig,0.9639942979039209,True,twig,0.9900415790757594,True,https://bioimages.vanderbilt.edu/tn/baskauf/tvila11tw26308.jpg,https://bioimages.vanderbilt.edu/gq/baskauf/gvila11tw26308.jpg
baskauf/26311,ind-baskauf/26298,Viburnum lantanoides,leaf,both correct,leaf,0.9119421597938623,True,leaf,0.9896543221678319,True,leaf,0.897350237860321,True,https://bioimages.vanderbilt.edu/tn/baskauf/tvila11lfseveral26311.jpg,https://bioimages.vanderbilt.edu/gq/baskauf/gvila11lfseveral26311.jpg
baskauf/26321,ind-baskauf/26298,Viburnum lantanoides,fruit,DINO correct / BioCLIP wrong,flower,0.806294073256916,False,fruit,0.8538968478744203,True,cone,0.6212860304486542,False,https://bioimages.vanderbilt.edu/tn/baskauf/tvila11frdevel-infruct26321.jpg,https://bioimages.vanderbilt.edu/gq/baskauf/gvila11frdevel-infruct26321.jpg
baskauf/26325,ind-baskauf/26298,Viburnum lantanoides,fruit,DINO correct / BioCLIP wrong,flower,0.7366973461759495,False,fruit,0.7778245778275551,True,fruit,0.6816579725899167,True,https://bioimages.vanderbilt.edu/tn/baskauf/tvila11frdevel26325.jpg,https://bioimages.vanderbilt.edu/gq/baskauf/gvila11frdevel26325.jpg
baskauf/27132,ind-baskauf/27131,Yucca filamentosa,fruit,DINO correct / BioCLIP wrong,flower,0.9764137027405795,False,fruit,0.8463053122161719,True,fruit,0.5497736219972905,True,https://bioimages.vanderbilt.edu/tn/baskauf/tyufl2-fr27132.jpg,https://bioimages.vanderbilt.edu/gq/baskauf/gyufl2-fr27132.jpg
baskauf/27137,ind-baskauf/27131,Yucca filamentosa,fruit,DINO correct / BioCLIP wrong,flower,0.8732292389486471,False,fruit,0.9418431066599683,True,fruit,0.7092829198741935,True,https://bioimages.vanderbilt.edu/tn/baskauf/tyufl2-fr27137.jpg,https://bioimages.vanderbilt.edu/gq/baskauf/gyufl2-fr27137.jpg
baskauf/27139,ind-baskauf/27131,Yucca filamentosa,bark,both wrong,twig,0.5434480366686605,False,twig,0.9906428790682998,False,twig,0.751386552695884,False,https://bioimages.vanderbilt.edu/tn/baskauf/tyufl2-br27139.jpg,https://bioimages.vanderbilt.edu/gq/baskauf/gyufl2-br27139.jpg
baskauf/27143,ind-baskauf/27131,Yucca filamentosa,twig,DINO correct / BioCLIP wrong,flower,0.668574546462324,False,twig,0.7175227557271797,True,fruit,0.3489791275231446,False,https://bioimages.vanderbilt.edu/tn/baskauf/tyufl2-tw27143.jpg,https://bioimages.vanderbilt.edu/gq/baskauf/gyufl2-tw27143.jpg
baskauf/28751,ind-baskauf/28751,Sambucus racemosa,fruit,both correct,fruit,0.7348097714329893,True,fruit,0.9743713327053277,True,fruit,0.973307753216111,True,https://bioimages.vanderbilt.edu/tn/baskauf/tsarar3frinfruct28751.jpg,https://bioimages.vanderbilt.edu/gq/baskauf/gsarar3frinfruct28751.jpg
baskauf/28754,ind-baskauf/28751,Sambucus racemosa,fruit,both correct,fruit,0.9471745851321267,True,fruit,0.989924520380964,True,fruit,0.9891162219082922,True,https://bioimages.vanderbilt.edu/tn/baskauf/tsarar3fr28754.jpg,https://bioimages.vanderbilt.edu/gq/baskauf/gsarar3fr28754.jpg
baskauf/28756,ind-baskauf/28751,Sambucus racemosa,leaf,both correct,leaf,0.6560254164618049,True,leaf,0.9911550099109815,True,leaf,0.9728935738149523,True,https://bioimages.vanderbilt.edu/tn/baskauf/tsarar3lf28756.jpg,https://bioimages.vanderbilt.edu/gq/baskauf/gsarar3lf28756.jpg
baskauf/29683,ind-baskauf/10432,Fagus grandifolia,leaf,both correct,leaf,0.8487129033303106,True,leaf,0.9840421316456613,True,leaf,0.9881132612672087,True,https://bioimages.vanderbilt.edu/tn/baskauf/tfagr--lf29683.jpg,https://bioimages.vanderbilt.edu/gq/baskauf/gfagr--lf29683.jpg
baskauf/29685,ind-baskauf/10432,Fagus grandifolia,twig,both correct,twig,0.9387903188948591,True,twig,0.9996192283594607,True,twig,0.9884985568578818,True,https://bioimages.vanderbilt.edu/tn/baskauf/tfagr--tw29685.jpg,https://bioimages.vanderbilt.edu/gq/baskauf/gfagr--tw29685.jpg
baskauf/29773,ind-baskauf/10432,Fagus grandifolia,whole plant,both correct,whole plant,0.9913488057644516,True,whole plant,0.9922039139218712,True,whole plant,0.9770597232253949,True,https://bioimages.vanderbilt.edu/tn/baskauf/tfagr--wp29773.jpg,https://bioimages.vanderbilt.edu/gq/baskauf/gfagr--wp29773.jpg
baskauf/30941,ind-baskauf/30937,Cornus amomum,twig,both correct,twig,0.9997643379053046,True,twig,0.9999504405036455,True,twig,0.9088666534170272,True,https://bioimages.vanderbilt.edu/tn/baskauf/tcoob9-twpith30941.jpg,https://bioimages.vanderbilt.edu/gq/baskauf/gcoob9-twpith30941.jpg
baskauf/32255,ind-baskauf/32253,Rhus aromatica,whole plant,DINO correct / BioCLIP wrong,flower,0.4846381456765685,False,whole plant,0.9483533940652761,True,whole plant,0.4153135495289795,True,https://bioimages.vanderbilt.edu/tn/baskauf/trhar4-wpin-bloom32255.jpg,https://bioimages.vanderbilt.edu/gq/baskauf/grhar4-wpin-bloom32255.jpg
baskauf/32257,ind-baskauf/32253,Rhus aromatica,flower,both correct,flower,0.7413125351549381,True,flower,0.9869667562619142,True,flower,0.9254765170077579,True,https://bioimages.vanderbilt.edu/tn/baskauf/trhar4-fl32257.jpg,https://bioimages.vanderbilt.edu/gq/baskauf/grhar4-fl32257.jpg
baskauf/32478,ind-baskauf/32477,Amelanchier arborea,fruit,both correct,fruit,0.6096960892853391,True,fruit,0.8386686248480423,True,fruit,0.7621144993562434,True,https://bioimages.vanderbilt.edu/tn/baskauf/tamar3-frdevel32478.jpg,https://bioimages.vanderbilt.edu/gq/baskauf/gamar3-frdevel32478.jpg
baskauf/32481,ind-baskauf/32477,Amelanchier arborea,fruit,both wrong,flower,0.6427461560891886,False,flower,0.6844643631629584,False,fruit,0.7530825324914747,True,https://bioimages.vanderbilt.edu/tn/baskauf/tamar3-frdevel-infruct32481.jpg,https://bioimages.vanderbilt.edu/gq/baskauf/gamar3-frdevel-infruct32481.jpg
baskauf/32482,ind-baskauf/32477,Amelanchier arborea,leaf,both correct,leaf,0.9651354159042634,True,leaf,0.988637627927835,True,leaf,0.9069784701410039,True,https://bioimages.vanderbilt.edu/tn/baskauf/tamar3-lf32482.jpg,https://bioimages.vanderbilt.edu/gq/baskauf/gamar3-lf32482.jpg
baskauf/32768,ind-baskauf/32766,Pyrus calleryana,leaf,both correct,leaf,0.9851797548206115,True,leaf,0.9443588777447005,True,leaf,0.9684476058204987,True,https://bioimages.vanderbilt.edu/tn/baskauf/tpyca80lfmargin-micro32768.jpg,https://bioimages.vanderbilt.edu/gq/baskauf/gpyca80lfmargin-micro32768.jpg
baskauf/32770,ind-baskauf/32766,Pyrus calleryana,leaf,both correct,leaf,0.9868052192373507,True,leaf,0.9748081838860418,True,leaf,0.5922206267725765,True,https://bioimages.vanderbilt.edu/tn/baskauf/tpyca80lfmargin-micro32770.jpg,https://bioimages.vanderbilt.edu/gq/baskauf/gpyca80lfmargin-micro32770.jpg
baskauf/35627,ind-baskauf/35627,Ilex verticillata,flower,both wrong,twig,0.5031951179600023,False,twig,0.5663484784913657,False,flower,0.7788640974831381,True,https://bioimages.vanderbilt.edu/tn/baskauf/tilve--flmale-several35627.jpg,https://bioimages.vanderbilt.edu/gq/baskauf/gilve--flmale-several35627.jpg
baskauf/35633,ind-baskauf/35627,Ilex verticillata,flower,both correct,flower,0.5205792643340479,True,flower,0.789808730995586,True,flower,0.8728422001345084,True,https://bioimages.vanderbilt.edu/tn/baskauf/tilve--flmale35633.jpg,https://bioimages.vanderbilt.edu/gq/baskauf/gilve--flmale35633.jpg
baskauf/37287,ind-baskauf/37284,Betula lenta,bark,both correct,bark,0.5400851946127163,True,bark,0.9837120786399989,True,bark,0.9630627217153686,True,https://bioimages.vanderbilt.edu/tn/baskauf/tbele--br37287.jpg,https://bioimages.vanderbilt.edu/gq/baskauf/gbele--br37287.jpg
baskauf/37293,ind-baskauf/37284,Betula lenta,bark,both wrong,twig,0.8108801375377018,False,twig,0.9332031914476859,False,twig,0.7737816420396879,False,https://bioimages.vanderbilt.edu/tn/baskauf/tbele--brsmall37293.jpg,https://bioimages.vanderbilt.edu/gq/baskauf/gbele--brsmall37293.jpg
baskauf/37296,ind-baskauf/37284,Betula lenta,twig,both correct,twig,0.9994950706531697,True,twig,0.9997003078382167,True,twig,0.8800022819725775,True,https://bioimages.vanderbilt.edu/tn/baskauf/tbele--tw37296.jpg,https://bioimages.vanderbilt.edu/gq/baskauf/gbele--tw37296.jpg
baskauf/39140,ind-baskauf/39138,Acer saccharum,twig,both correct,twig,0.9985467424311075,True,twig,0.9803947449606246,True,twig,0.8914797410408234,True,https://bioimages.vanderbilt.edu/tn/baskauf/tacsa3-twleaf-scar39140.jpg,https://bioimages.vanderbilt.edu/gq/baskauf/gacsa3-twleaf-scar39140.jpg
baskauf/39144,ind-baskauf/39138,Acer saccharum,twig,both correct,twig,0.9966328275573313,True,twig,0.9995325912796715,True,twig,0.9907927131911167,True,https://bioimages.vanderbilt.edu/tn/baskauf/tacsa3-twterm-bud39144.jpg,https://bioimages.vanderbilt.edu/gq/baskauf/gacsa3-twterm-bud39144.jpg
baskauf/39161,ind-baskauf/39138,Acer saccharum,twig,both correct,twig,0.984036332165706,True,twig,0.9999470576697851,True,twig,0.9973893549203701,True,https://bioimages.vanderbilt.edu/tn/baskauf/tacsa3-twopposite-buds39161.jpg,https://bioimages.vanderbilt.edu/gq/baskauf/gacsa3-twopposite-buds39161.jpg
baskauf/39181,ind-baskauf/39138,Acer saccharum,twig,both correct,twig,0.9994471426958291,True,twig,0.5821512028079772,True,fruit,0.5216914962776357,False,https://bioimages.vanderbilt.edu/tn/baskauf/tacsa3-twterm-leaf-scar39181.jpg,https://bioimages.vanderbilt.edu/gq/baskauf/gacsa3-twterm-leaf-scar39181.jpg
baskauf/39880,ind-baskauf/39879,Aesculus glabra,fruit,both correct,fruit,0.7647591192872368,True,fruit,0.694757738801486,True,flower,0.5905647802264489,False,https://bioimages.vanderbilt.edu/tn/baskauf/taegl--frdevel39880.jpg,https://bioimages.vanderbilt.edu/gq/baskauf/gaegl--frdevel39880.jpg
baskauf/43789,vanderbilt/6-189,Carpinus caroliniana,fruit,both correct,fruit,0.9890132028957501,True,fruit,0.9870335501737284,True,fruit,0.7537974924056503,True,https://bioimages.vanderbilt.edu/tn/baskauf/tcaca18frmature43789.jpg,https://bioimages.vanderbilt.edu/gq/baskauf/gcaca18frmature43789.jpg
baskauf/43792,vanderbilt/6-189,Carpinus caroliniana,fruit,both correct,fruit,0.990214763272572,True,fruit,0.9947804514295377,True,fruit,0.7751050864452275,True,https://bioimages.vanderbilt.edu/tn/baskauf/tcaca18frmature43792.jpg,https://bioimages.vanderbilt.edu/gq/baskauf/gcaca18frmature43792.jpg
baskauf/49335,ind-baskauf/49335,Sorbus americana,whole plant,both correct,whole plant,0.9003022273629818,True,whole plant,0.9980088326150736,True,whole plant,0.7076469030137879,True,https://bioimages.vanderbilt.edu/tn/baskauf/tsoam3-wpin-flower49335.jpg,https://bioimages.vanderbilt.edu/gq/baskauf/gsoam3-wpin-flower49335.jpg
baskauf/49339,ind-baskauf/49335,Sorbus americana,flower,both correct,flower,0.8969417946474265,True,flower,0.9770306637555193,True,flower,0.955062663217937,True,https://bioimages.vanderbilt.edu/tn/baskauf/tsoam3-flinflor49339.jpg,https://bioimages.vanderbilt.edu/gq/baskauf/gsoam3-flinflor49339.jpg
baskauf/49341,ind-baskauf/49335,Sorbus americana,flower,both correct,flower,0.9057239815909915,True,flower,0.9978019396651279,True,flower,0.9545829857908306,True,https://bioimages.vanderbilt.edu/tn/baskauf/tsoam3-fl49341.jpg,https://bioimages.vanderbilt.edu/gq/baskauf/gsoam3-fl49341.jpg
baskauf/49344,ind-baskauf/49335,Sorbus americana,flower,both correct,flower,0.7631754726448438,True,flower,0.998739865115499,True,flower,0.9861200237295417,True,https://bioimages.vanderbilt.edu/tn/baskauf/tsoam3-fl49344.jpg,https://bioimages.vanderbilt.edu/gq/baskauf/gsoam3-fl49344.jpg
baskauf/50460,ind-baskauf/50458,Lindera benzoin,flower,both correct,flower,0.9913897833194599,True,flower,0.9799595050057562,True,flower,0.7696972104612274,True,https://bioimages.vanderbilt.edu/tn/baskauf/tlibe3-flinflor50460.jpg,https://bioimages.vanderbilt.edu/gq/baskauf/glibe3-flinflor50460.jpg
baskauf/50462,ind-baskauf/50458,Lindera benzoin,flower,both correct,flower,0.9957048148972639,True,flower,0.9983736335746802,True,flower,0.9111978125016,True,https://bioimages.vanderbilt.edu/tn/baskauf/tlibe3-fl50462.jpg,https://bioimages.vanderbilt.edu/gq/baskauf/glibe3-fl50462.jpg
baskauf/50467,ind-baskauf/50458,Lindera benzoin,whole plant,both wrong,flower,0.8794348875650454,False,flower,0.8921421230083686,False,flower,0.6492052251605583,False,https://bioimages.vanderbilt.edu/tn/baskauf/tlibe3-fldistant50467.jpg,https://bioimages.vanderbilt.edu/gq/baskauf/glibe3-fldistant50467.jpg
baskauf/50597,vanderbilt/6-189,Carpinus caroliniana,flower,both correct,flower,0.9955847107223352,True,flower,0.9299938099707684,True,flower,0.562527397184026,True,https://bioimages.vanderbilt.edu/tn/baskauf/tcaca18flfemale50597.jpg,https://bioimages.vanderbilt.edu/gq/baskauf/gcaca18flfemale50597.jpg
baskauf/50598,vanderbilt/6-189,Carpinus caroliniana,flower,both correct,flower,0.9975824138881477,True,flower,0.941396854148961,True,flower,0.9426864844149927,True,https://bioimages.vanderbilt.edu/tn/baskauf/tcaca18flmale50598.jpg,https://bioimages.vanderbilt.edu/gq/baskauf/gcaca18flmale50598.jpg
baskauf/50601,vanderbilt/6-189,Carpinus caroliniana,flower,both correct,flower,0.9994556117492789,True,flower,0.9933307458428904,True,flower,0.5306151406117036,True,https://bioimages.vanderbilt.edu/tn/baskauf/tcaca18flinflor50601.jpg,https://bioimages.vanderbilt.edu/gq/baskauf/gcaca18flinflor50601.jpg
baskauf/50973,vanderbilt/6-215,Sassafras albidum,flower,both correct,flower,0.9758150389951961,True,flower,0.999652448647198,True,flower,0.7741982174913067,True,https://bioimages.vanderbilt.edu/tn/baskauf/tsaal5-flfemale50973.jpg,https://bioimages.vanderbilt.edu/gq/baskauf/gsaal5-flfemale50973.jpg
baskauf/50974,vanderbilt/6-215,Sassafras albidum,flower,both correct,flower,0.9643236239377087,True,flower,0.9999179545754331,True,flower,0.5514878035141579,True,https://bioimages.vanderbilt.edu/tn/baskauf/tsaal5-flfemale-side50974.jpg,https://bioimages.vanderbilt.edu/gq/baskauf/gsaal5-flfemale-side50974.jpg
baskauf/50977,vanderbilt/6-215,Sassafras albidum,flower,both correct,flower,0.9696224622060847,True,flower,0.9999566542362109,True,flower,0.9491724443630614,True,https://bioimages.vanderbilt.edu/tn/baskauf/tsaal5-flfemale-front50977.jpg,https://bioimages.vanderbilt.edu/gq/baskauf/gsaal5-flfemale-front50977.jpg
baskauf/50978,vanderbilt/6-215,Sassafras albidum,flower,both correct,flower,0.9205076618014939,True,flower,0.9999002165703947,True,flower,0.9344475482857193,True,https://bioimages.vanderbilt.edu/tn/baskauf/tsaal5-flfemale-inflor50978.jpg,https://bioimages.vanderbilt.edu/gq/baskauf/gsaal5-flfemale-inflor50978.jpg
baskauf/50992,vanderbilt/12-33,Celtis occidentalis,flower,DINO correct / BioCLIP wrong,leaf,0.46530870121603535,False,flower,0.9506354840834994,True,flower,0.8460372691781336,True,https://bioimages.vanderbilt.edu/tn/baskauf/tceoco2flinflor50992.jpg,https://bioimages.vanderbilt.edu/gq/baskauf/gceoco2flinflor50992.jpg
baskauf/50993,vanderbilt/12-33,Celtis occidentalis,flower,DINO correct / BioCLIP wrong,leaf,0.6183621417474967,False,flower,0.9887142260674893,True,flower,0.9081016731958754,True,https://bioimages.vanderbilt.edu/tn/baskauf/tceoco2fl50993.jpg,https://bioimages.vanderbilt.edu/gq/baskauf/gceoco2fl50993.jpg
baskauf/51183,vanderbilt/12-11,Quercus bicolor,flower,both correct,flower,0.9989719015515308,True,flower,0.9816004961467945,True,flower,0.7783352782823663,True,https://bioimages.vanderbilt.edu/tn/baskauf/tqubi--flinflor51183.jpg,https://bioimages.vanderbilt.edu/gq/baskauf/gqubi--flinflor51183.jpg
baskauf/51186,vanderbilt/12-11,Quercus bicolor,flower,both correct,flower,0.8841904956590494,True,flower,0.999725087347735,True,flower,0.47573343660728235,True,https://bioimages.vanderbilt.edu/tn/baskauf/tqubi--flmale51186.jpg,https://bioimages.vanderbilt.edu/gq/baskauf/gqubi--flmale51186.jpg
baskauf/51397,vanderbilt/6-239,Nyssa sylvatica,flower,DINO correct / BioCLIP wrong,fruit,0.7173355464826353,False,flower,0.9436687572944804,True,flower,0.9322796785350819,True,https://bioimages.vanderbilt.edu/tn/baskauf/tnysy--flfem-front51397.jpg,https://bioimages.vanderbilt.edu/gq/baskauf/gnysy--flfem-front51397.jpg
baskauf/51398,vanderbilt/6-239,Nyssa sylvatica,flower,DINO correct / BioCLIP wrong,fruit,0.7299405988069395,False,flower,0.8111361887167614,True,twig,0.4158813357372969,False,https://bioimages.vanderbilt.edu/tn/baskauf/tnysy--flfemside51398.jpg,https://bioimages.vanderbilt.edu/gq/baskauf/gnysy--flfemside51398.jpg
baskauf/51402,vanderbilt/6-239,Nyssa sylvatica,flower,both correct,flower,0.551510484971736,True,flower,0.5968850881490497,True,twig,0.5135554553480733,False,https://bioimages.vanderbilt.edu/tn/baskauf/tnysy--flfem51402.jpg,https://bioimages.vanderbilt.edu/gq/baskauf/gnysy--flfem51402.jpg
baskauf/51406,vanderbilt/6-239,Nyssa sylvatica,flower,BioCLIP correct / DINO wrong,flower,0.7740709835867806,True,leaf,0.4481207854495423,False,twig,0.322530585569788,False,https://bioimages.vanderbilt.edu/tn/baskauf/tnysy--flfem-inflor51406.jpg,https://bioimages.vanderbilt.edu/gq/baskauf/gnysy--flfem-inflor51406.jpg
baskauf/51813,ind-baskauf/51813,Zanthoxylum americanum,flower,both correct,flower,0.8919905790554894,True,flower,0.9552894877809232,True,flower,0.861600554766536,True,https://bioimages.vanderbilt.edu/tn/baskauf/tzaam--flfemale-front51813.jpg,https://bioimages.vanderbilt.edu/gq/baskauf/gzaam--flfemale-front51813.jpg
baskauf/51814,ind-baskauf/51813,Zanthoxylum americanum,flower,BioCLIP correct / DINO wrong,flower,0.6032099089024412,True,twig,0.9064383707713964,False,twig,0.5426947332784694,False,https://bioimages.vanderbilt.edu/tn/baskauf/tzaam--flfemale-inflor51814.jpg,https://bioimages.vanderbilt.edu/gq/baskauf/gzaam--flfemale-inflor51814.jpg
baskauf/51815,ind-baskauf/51813,Zanthoxylum americanum,flower,both correct,flower,0.8083347025417139,True,flower,0.6159105715231515,True,flower,0.6898808109436367,True,https://bioimages.vanderbilt.edu/tn/baskauf/tzaam--flfemale-side51815.jpg,https://bioimages.vanderbilt.edu/gq/baskauf/gzaam--flfemale-side51815.jpg
baskauf/51816,ind-baskauf/51813,Zanthoxylum americanum,twig,BioCLIP correct / DINO wrong,twig,0.4928796207311341,True,flower,0.6720454870266421,False,twig,0.8880562931430848,True,https://bioimages.vanderbilt.edu/tn/baskauf/tzaam--twwith-flowers51816.jpg,https://bioimages.vanderbilt.edu/gq/baskauf/gzaam--twwith-flowers51816.jpg
baskauf/52483,vanderbilt/12-11,Quercus bicolor,leaf,both correct,leaf,0.999122323245744,True,leaf,0.9988820308238519,True,leaf,0.982511602004427,True,https://bioimages.vanderbilt.edu/tn/baskauf/tqubi--lfmargin-uplow52483.jpg,https://bioimages.vanderbilt.edu/gq/baskauf/gqubi--lfmargin-uplow52483.jpg
baskauf/54564,ind-baskauf/54562,Lonicera morrowii,whole plant,both correct,whole plant,0.9982065319290214,True,whole plant,0.9998600890422228,True,whole plant,0.9823513725688258,True,https://bioimages.vanderbilt.edu/tn/baskauf/tlomo2-wpin-fruit54564.jpg,https://bioimages.vanderbilt.edu/gq/baskauf/glomo2-wpin-fruit54564.jpg
baskauf/54565,ind-baskauf/54562,Lonicera morrowii,fruit,both correct,fruit,0.9113067630109906,True,fruit,0.9497214465914757,True,fruit,0.989868566530658,True,https://bioimages.vanderbilt.edu/tn/baskauf/tlomo2-frdistant54565.jpg,https://bioimages.vanderbilt.edu/gq/baskauf/glomo2-frdistant54565.jpg
baskauf/54568,ind-baskauf/54562,Lonicera morrowii,fruit,both correct,fruit,0.8568962175558061,True,fruit,0.9888923480699164,True,fruit,0.9900592806096121,True,https://bioimages.vanderbilt.edu/tn/baskauf/tlomo2-frclose54568.jpg,https://bioimages.vanderbilt.edu/gq/baskauf/glomo2-frclose54568.jpg
baskauf/65657,ind-baskauf/65657,Dirca palustris,whole plant,both correct,whole plant,0.9613318394226082,True,whole plant,0.995516412698512,True,whole plant,0.9445876965321307,True,https://bioimages.vanderbilt.edu/tn/baskauf/tdipa9-wp65657.jpg,https://bioimages.vanderbilt.edu/gq/baskauf/gdipa9-wp65657.jpg
baskauf/66180,ind-baskauf/66180,Gleditsia triacanthos,whole plant,both correct,whole plant,0.988374635975897,True,whole plant,0.999992041602204,True,whole plant,0.9886688080976707,True,https://bioimages.vanderbilt.edu/tn/baskauf/tgltr--wp66180.jpg,https://bioimages.vanderbilt.edu/gq/baskauf/ggltr--wp66180.jpg
baskauf/66181,ind-baskauf/66180,Gleditsia triacanthos,bark,both correct,bark,0.9295277222363704,True,bark,0.8439037669833696,True,bark,0.2879394851521708,True,https://bioimages.vanderbilt.edu/tn/baskauf/tgltr--brmedium66181.jpg,https://bioimages.vanderbilt.edu/gq/baskauf/ggltr--brmedium66181.jpg
baskauf/66182,ind-baskauf/66180,Gleditsia triacanthos,bark,both correct,bark,0.8636041200135979,True,bark,0.9792390010189853,True,bark,0.768598127698433,True,https://bioimages.vanderbilt.edu/tn/baskauf/tgltr--brmedium66182.jpg,https://bioimages.vanderbilt.edu/gq/baskauf/ggltr--brmedium66182.jpg
baskauf/66183,ind-baskauf/66180,Gleditsia triacanthos,flower,both correct,flower,0.6821301324337999,True,flower,0.7263493962352957,True,flower,0.4724016092234693,True,https://bioimages.vanderbilt.edu/tn/baskauf/tgltr--flmale-distant66183.jpg,https://bioimages.vanderbilt.edu/gq/baskauf/ggltr--flmale-distant66183.jpg
baskauf/66184,ind-baskauf/66180,Gleditsia triacanthos,flower,both correct,flower,0.9254539203089263,True,flower,0.9644682300313276,True,flower,0.6545067532231434,True,https://bioimages.vanderbilt.edu/tn/baskauf/tgltr--flmale-inflor66184.jpg,https://bioimages.vanderbilt.edu/gq/baskauf/ggltr--flmale-inflor66184.jpg
baskauf/66185,ind-baskauf/66180,Gleditsia triacanthos,flower,both correct,flower,0.9577838057890398,True,flower,0.8999219348680834,True,flower,0.7904327797636497,True,https://bioimages.vanderbilt.edu/tn/baskauf/tgltr--flmale-front66185.jpg,https://bioimages.vanderbilt.edu/gq/baskauf/ggltr--flmale-front66185.jpg
baskauf/66187,ind-baskauf/66180,Gleditsia triacanthos,flower,both correct,flower,0.9769423889342078,True,flower,0.9912646636171023,True,flower,0.6642814992785503,True,https://bioimages.vanderbilt.edu/tn/baskauf/tgltr--flmale-side66187.jpg,https://bioimages.vanderbilt.edu/gq/baskauf/ggltr--flmale-side66187.jpg
baskauf/66188,ind-baskauf/66180,Gleditsia triacanthos,flower,both correct,flower,0.9388860510892081,True,flower,0.9969255840742721,True,flower,0.9012346803916539,True,https://bioimages.vanderbilt.edu/tn/baskauf/tgltr--flmale-front66188.jpg,https://bioimages.vanderbilt.edu/gq/baskauf/ggltr--flmale-front66188.jpg
baskauf/66190,ind-baskauf/66180,Gleditsia triacanthos,twig,BioCLIP correct / DINO wrong,twig,0.5711964464936226,True,flower,0.6752526190765507,False,fruit,0.4480379487692249,False,https://bioimages.vanderbilt.edu/tn/baskauf/tgltr--twthorn66190.jpg,https://bioimages.vanderbilt.edu/gq/baskauf/ggltr--twthorn66190.jpg
baskauf/66191,ind-baskauf/66180,Gleditsia triacanthos,flower,DINO correct / BioCLIP wrong,leaf,0.620977099584207,False,flower,0.8621672926996706,True,flower,0.6886656999107466,True,https://bioimages.vanderbilt.edu/tn/baskauf/tgltr--flmale-distant66191.jpg,https://bioimages.vanderbilt.edu/gq/baskauf/ggltr--flmale-distant66191.jpg
baskauf/66192,ind-baskauf/66180,Gleditsia triacanthos,flower,both correct,flower,0.9948401395649803,True,flower,0.977711658013808,True,flower,0.9387132177938504,True,https://bioimages.vanderbilt.edu/tn/baskauf/tgltr--flmale66192.jpg,https://bioimages.vanderbilt.edu/gq/baskauf/ggltr--flmale66192.jpg
baskauf/89376,vanderbilt/7-306,Quercus rubra,whole plant,both correct,whole plant,0.9573681397438865,True,whole plant,0.9986290864833808,True,whole plant,0.9716914380711097,True,https://bioimages.vanderbilt.edu/tn/baskauf/t89376.jpg,https://bioimages.vanderbilt.edu/gq/baskauf/g89376.jpg
baskauf/89381,vanderbilt/7-298,Acer rubrum,whole plant,both correct,whole plant,0.9923648210914171,True,whole plant,0.9992438763449617,True,whole plant,0.9766221181073902,True,https://bioimages.vanderbilt.edu/tn/baskauf/t89381.jpg,https://bioimages.vanderbilt.edu/gq/baskauf/g89381.jpg
baskauf/89954,vanderbilt/11-283,Platanus occidentalis,whole plant,DINO correct / BioCLIP wrong,fruit,0.29939211933597804,False,whole plant,0.9877327541164035,True,whole plant,0.5497261277683007,True,https://bioimages.vanderbilt.edu/tn/baskauf/t89954.jpg,https://bioimages.vanderbilt.edu/gq/baskauf/g89954.jpg
baskauf/89955,vanderbilt/11-283,Platanus occidentalis,bark,DINO correct / BioCLIP wrong,whole plant,0.5946613006871354,False,bark,0.615115200593465,True,bark,0.7131719898091191,True,https://bioimages.vanderbilt.edu/tn/baskauf/t89955.jpg,https://bioimages.vanderbilt.edu/gq/baskauf/g89955.jpg
baskauf/89960a,vanderbilt/11-283,Platanus occidentalis,whole plant,both correct,whole plant,0.363183829028871,True,whole plant,0.9995582867256997,True,whole plant,0.9420286992067679,True,https://bioimages.vanderbilt.edu/tn/baskauf/t89960a.jpg,https://bioimages.vanderbilt.edu/gq/baskauf/g89960a.jpg
baskauf/89963,vanderbilt/11-283,Platanus occidentalis,whole plant,DINO correct / BioCLIP wrong,twig,0.3711226456658319,False,whole plant,0.9991365871068513,True,whole plant,0.9774521943420725,True,https://bioimages.vanderbilt.edu/tn/baskauf/t89963.jpg,https://bioimages.vanderbilt.edu/gq/baskauf/g89963.jpg
baskauf/90661,vanderbilt/6-135,Quercus macrocarpa,whole plant,both correct,whole plant,0.9992494768209769,True,whole plant,0.9998530271268011,True,whole plant,0.9338815884380745,True,https://bioimages.vanderbilt.edu/tn/baskauf/t90661.jpg,https://bioimages.vanderbilt.edu/gq/baskauf/g90661.jpg
baskauf/90785a,vanderbilt/9-89,Fraxinus pennsylvanica,whole plant,both correct,whole plant,0.9976436958652408,True,whole plant,0.9974841612604568,True,whole plant,0.9886316681650352,True,https://bioimages.vanderbilt.edu/tn/baskauf/t90785a.jpg,https://bioimages.vanderbilt.edu/gq/baskauf/g90785a.jpg
baskauf/90789,vanderbilt/9-89,Fraxinus pennsylvanica,whole plant,both correct,whole plant,0.9989529044264784,True,whole plant,0.9965879214497722,True,whole plant,0.9729610408812696,True,https://bioimages.vanderbilt.edu/tn/baskauf/t90789.jpg,https://bioimages.vanderbilt.edu/gq/baskauf/g90789.jpg
baskauf/90799,vanderbilt/9-89,Fraxinus pennsylvanica,whole plant,both correct,whole plant,0.9994905886703999,True,whole plant,0.9890770016830361,True,whole plant,0.9937596565191149,True,https://bioimages.vanderbilt.edu/tn/baskauf/t90799.jpg,https://bioimages.vanderbilt.edu/gq/baskauf/g90799.jpg
baskauf/90872,vanderbilt/11-283,Platanus occidentalis,whole plant,both correct,whole plant,0.9878012691694005,True,whole plant,0.9993236940887273,True,whole plant,0.337204954615866,True,https://bioimages.vanderbilt.edu/tn/baskauf/t90872.jpg,https://bioimages.vanderbilt.edu/gq/baskauf/g90872.jpg
baskauf/90874,vanderbilt/11-283,Platanus occidentalis,whole plant,both correct,whole plant,0.9614018018867294,True,whole plant,0.9987352750804978,True,whole plant,0.889111511338782,True,https://bioimages.vanderbilt.edu/tn/baskauf/t90874.jpg,https://bioimages.vanderbilt.edu/gq/baskauf/g90874.jpg
baskauf/90969,vanderbilt/7-306,Quercus rubra,whole plant,both correct,whole plant,0.9976776087146884,True,whole plant,0.9999548872402271,True,whole plant,0.9951377409109654,True,https://bioimages.vanderbilt.edu/tn/baskauf/t90969.jpg,https://bioimages.vanderbilt.edu/gq/baskauf/g90969.jpg
baskauf/90972,vanderbilt/7-306,Quercus rubra,whole plant,both correct,whole plant,0.9996832084252975,True,whole plant,0.9999369801220075,True,whole plant,0.9979489419188907,True,https://bioimages.vanderbilt.edu/tn/baskauf/t90972.jpg,https://bioimages.vanderbilt.edu/gq/baskauf/g90972.jpg
baskauf/91011,vanderbilt/7-298,Acer rubrum,whole plant,both correct,whole plant,0.9930200321908406,True,whole plant,0.9991193819989743,True,whole plant,0.9964746281500121,True,https://bioimages.vanderbilt.edu/tn/baskauf/t91011.jpg,https://bioimages.vanderbilt.edu/gq/baskauf/g91011.jpg
baskauf/91016,vanderbilt/7-298,Acer rubrum,whole plant,both correct,whole plant,0.9998825508409288,True,whole plant,0.9959967364474994,True,whole plant,0.9328753660628558,True,https://bioimages.vanderbilt.edu/tn/baskauf/t91016.jpg,https://bioimages.vanderbilt.edu/gq/baskauf/g91016.jpg
baskauf/91056,vanderbilt/6-215,Sassafras albidum,whole plant,both correct,whole plant,0.9992593373085544,True,whole plant,0.9973249081871275,True,whole plant,0.9793258105823559,True,https://bioimages.vanderbilt.edu/tn/baskauf/t91056.jpg,https://bioimages.vanderbilt.edu/gq/baskauf/g91056.jpg
baskauf/91059,vanderbilt/6-189,Carpinus caroliniana,whole plant,both correct,whole plant,0.9959075164342815,True,whole plant,0.9989358660919356,True,whole plant,0.9893925463708795,True,https://bioimages.vanderbilt.edu/tn/baskauf/t91059.jpg,https://bioimages.vanderbilt.edu/gq/baskauf/g91059.jpg
baskauf/91065,vanderbilt/6-239,Nyssa sylvatica,whole plant,both correct,whole plant,0.9946219180763471,True,whole plant,0.9928567570995975,True,whole plant,0.9707272354616704,True,https://bioimages.vanderbilt.edu/tn/baskauf/t91065.jpg,https://bioimages.vanderbilt.edu/gq/baskauf/g91065.jpg
baskauf/91110,vanderbilt/12-11,Quercus bicolor,whole plant,both correct,whole plant,0.9937109201447287,True,whole plant,0.9995358755396571,True,whole plant,0.957485114923672,True,https://bioimages.vanderbilt.edu/tn/baskauf/t91110.jpg,https://bioimages.vanderbilt.edu/gq/baskauf/g91110.jpg
baskauf/91126,vanderbilt/12-126,Ginkgo biloba,whole plant,both correct,whole plant,0.9993235974057846,True,whole plant,0.9998345622286202,True,whole plant,0.9572618412155237,True,https://bioimages.vanderbilt.edu/tn/baskauf/t91126.jpg,https://bioimages.vanderbilt.edu/gq/baskauf/g91126.jpg
baskauf/91144,vanderbilt/12-177,Gymnocladus dioicus,whole plant,both correct,whole plant,0.8258452185288572,True,whole plant,0.99998774963478,True,whole plant,0.9930440371109961,True,https://bioimages.vanderbilt.edu/tn/baskauf/t91144.jpg,https://bioimages.vanderbilt.edu/gq/baskauf/g91144.jpg
kaufmannm/ke064,ind-kaufmannm/ke064,Populus tremuloides,whole plant,both correct,whole plant,0.8897161827728322,True,whole plant,0.9147457269263193,True,whole plant,0.9391194566807376,True,https://bioimages.vanderbilt.edu/tn/kaufmannm/tpotr5-wpfall-color-mke064.jpg,https://bioimages.vanderbilt.edu/gq/kaufmannm/gpotr5-wpfall-color-mke064.jpg
kirchoff/em2338,ind-kirchoff/mason19,Quercus palustris,whole plant,both correct,whole plant,0.9932651328588985,True,whole plant,0.9990331787954602,True,whole plant,0.9214201971333673,True,https://bioimages.vanderbilt.edu/tn/kirchoff/tem2338.jpg,https://bioimages.vanderbilt.edu/gq/kirchoff/gem2338.jpg
kirchoff/em2339,ind-kirchoff/mason19,Quercus palustris,bark,both correct,bark,0.9975273945387193,True,bark,0.9986297896373897,True,bark,0.9958791144293304,True,https://bioimages.vanderbilt.edu/tn/kirchoff/tem2339.jpg,https://bioimages.vanderbilt.edu/gq/kirchoff/gem2339.jpg
kirchoff/em2341,ind-kirchoff/mason19,Quercus palustris,leaf,both correct,leaf,0.9277498337161783,True,leaf,0.9887116858716226,True,leaf,0.9005368002037815,True,https://bioimages.vanderbilt.edu/tn/kirchoff/tem2341.jpg,https://bioimages.vanderbilt.edu/gq/kirchoff/gem2341.jpg
kirchoff/em2342,ind-kirchoff/mason19,Quercus palustris,leaf,DINO correct / BioCLIP wrong,twig,0.5045230529532044,False,leaf,0.9896154527004493,True,leaf,0.6954943084903694,True,https://bioimages.vanderbilt.edu/tn/kirchoff/tem2342.jpg,https://bioimages.vanderbilt.edu/gq/kirchoff/gem2342.jpg
kirchoff/em2343,ind-kirchoff/mason19,Quercus palustris,leaf,both correct,leaf,0.8832290987284832,True,leaf,0.9956996237869313,True,leaf,0.8068033903743486,True,https://bioimages.vanderbilt.edu/tn/kirchoff/tem2343.jpg,https://bioimages.vanderbilt.edu/gq/kirchoff/gem2343.jpg
kirchoff/em2344,ind-kirchoff/mason19,Quercus palustris,twig,both correct,twig,0.9443125894745702,True,twig,0.9961806255898724,True,twig,0.9832137703674092,True,https://bioimages.vanderbilt.edu/tn/kirchoff/tem2344.jpg,https://bioimages.vanderbilt.edu/gq/kirchoff/gem2344.jpg
kirchoff/em2347,ind-kirchoff/mason19,Quercus palustris,fruit,BioCLIP correct / DINO wrong,fruit,0.9617025247809546,True,twig,0.8516081308230837,False,fruit,0.7074558248119144,True,https://bioimages.vanderbilt.edu/tn/kirchoff/tem2347.jpg,https://bioimages.vanderbilt.edu/gq/kirchoff/gem2347.jpg
kirchoff/em2348,ind-kirchoff/mason19,Quercus palustris,fruit,both correct,fruit,0.9888382542319941,True,fruit,0.7389967098697957,True,fruit,0.6262415871500115,True,https://bioimages.vanderbilt.edu/tn/kirchoff/tem2348.jpg,https://bioimages.vanderbilt.edu/gq/kirchoff/gem2348.jpg
kirchoff/em2349,ind-kirchoff/mason19,Quercus palustris,fruit,BioCLIP correct / DINO wrong,fruit,0.8449766612901869,True,twig,0.8966986571251748,False,twig,0.8533928139588376,False,https://bioimages.vanderbilt.edu/tn/kirchoff/tem2349.jpg,https://bioimages.vanderbilt.edu/gq/kirchoff/gem2349.jpg
kirchoff/em2350,ind-kirchoff/mason19,Quercus palustris,fruit,both correct,fruit,0.9780137919982903,True,fruit,0.5159472380968672,True,fruit,0.6872896593587977,True,https://bioimages.vanderbilt.edu/tn/kirchoff/tem2350.jpg,https://bioimages.vanderbilt.edu/gq/kirchoff/gem2350.jpg
kirchoff/em2352,ind-kirchoff/mason19,Quercus palustris,leaf,both correct,leaf,0.9074377509158913,True,leaf,0.9966032884820013,True,leaf,0.8212801354095499,True,https://bioimages.vanderbilt.edu/tn/kirchoff/tem2352.jpg,https://bioimages.vanderbilt.edu/gq/kirchoff/gem2352.jpg
kirchoff/em2353,ind-kirchoff/mason19,Quercus palustris,leaf,both correct,leaf,0.9980233805361737,True,leaf,0.9980376198785837,True,leaf,0.9697244236650343,True,https://bioimages.vanderbilt.edu/tn/kirchoff/tem2353.jpg,https://bioimages.vanderbilt.edu/gq/kirchoff/gem2353.jpg
kirchoff/em2354,ind-kirchoff/mason19,Quercus palustris,leaf,both correct,leaf,0.9792937427014764,True,leaf,0.9981539164987355,True,leaf,0.9646278055248024,True,https://bioimages.vanderbilt.edu/tn/kirchoff/tem2354.jpg,https://bioimages.vanderbilt.edu/gq/kirchoff/gem2354.jpg
kirchoff/em2355,ind-kirchoff/mason19,Quercus palustris,leaf,both correct,leaf,0.9960724352947056,True,leaf,0.9972668690325227,True,leaf,0.9402010022168498,True,https://bioimages.vanderbilt.edu/tn/kirchoff/tem2355.jpg,https://bioimages.vanderbilt.edu/gq/kirchoff/gem2355.jpg
kirchoff/em2356,ind-kirchoff/mason19,Quercus palustris,leaf,both correct,leaf,0.9924331177672412,True,leaf,0.9988887310960699,True,leaf,0.9886570604206567,True,https://bioimages.vanderbilt.edu/tn/kirchoff/tem2356.jpg,https://bioimages.vanderbilt.edu/gq/kirchoff/gem2356.jpg
kirchoff/em2358,ind-kirchoff/mason19,Quercus palustris,leaf,both correct,leaf,0.9330910750673859,True,leaf,0.997832603501236,True,leaf,0.9451410690915182,True,https://bioimages.vanderbilt.edu/tn/kirchoff/tem2358.jpg,https://bioimages.vanderbilt.edu/gq/kirchoff/gem2358.jpg
ssmv/2-638-01,vanderbilt/3-108,Fraxinus americana,bark,both correct,bark,0.9977800201314414,True,bark,0.9939919798612438,True,bark,0.9454527978585217,True,https://bioimages.vanderbilt.edu/tn/ssmv/t2-638-01.jpg,https://bioimages.vanderbilt.edu/gq/ssmv/g2-638-01.jpg
ssmv/2-638-02,vanderbilt/3-108,Fraxinus americana,whole plant,both correct,whole plant,0.9977428477806456,True,whole plant,0.9979492639597213,True,whole plant,0.9930560197489556,True,https://bioimages.vanderbilt.edu/tn/ssmv/t2-638-02.jpg,https://bioimages.vanderbilt.edu/gq/ssmv/g2-638-02.jpg
ssmv/2-638-03,vanderbilt/3-108,Fraxinus americana,leaf,both correct,leaf,0.9859755664863471,True,leaf,0.9908066361456463,True,leaf,0.8077263061252142,True,https://bioimages.vanderbilt.edu/tn/ssmv/t2-638-03.jpg,https://bioimages.vanderbilt.edu/gq/ssmv/g2-638-03.jpg
ssmv/2-638-04,vanderbilt/3-108,Fraxinus americana,whole plant,both correct,whole plant,0.9984992635666072,True,whole plant,0.9985712549102557,True,whole plant,0.9406563078220816,True,https://bioimages.vanderbilt.edu/tn/ssmv/t2-638-04.jpg,https://bioimages.vanderbilt.edu/gq/ssmv/g2-638-04.jpg
thomas/0049-08-01,thomas/0049-08,Cercis canadensis,whole plant,both correct,whole plant,0.8564959680854326,True,whole plant,0.9948149722471253,True,whole plant,0.9148186752184367,True,https://bioimages.vanderbilt.edu/tn/thomas/t0049-08-01.jpg,https://bioimages.vanderbilt.edu/gq/thomas/g0049-08-01.jpg
thomas/0049-08-02,thomas/0049-08,Cercis canadensis,flower,BioCLIP correct / DINO wrong,flower,0.9912371561221274,True,fruit,0.6012989695240809,False,flower,0.9589559977477791,True,https://bioimages.vanderbilt.edu/tn/thomas/t0049-08-02.jpg,https://bioimages.vanderbilt.edu/gq/thomas/g0049-08-02.jpg
thomas/0049-08-03,thomas/0049-08,Cercis canadensis,flower,both correct,flower,0.985830217702323,True,flower,0.850069636123895,True,flower,0.708489679390755,True,https://bioimages.vanderbilt.edu/tn/thomas/t0049-08-03.jpg,https://bioimages.vanderbilt.edu/gq/thomas/g0049-08-03.jpg
thomas/0049-08-04,thomas/0049-08,Cercis canadensis,flower,both correct,flower,0.9066342050933047,True,flower,0.8007428450999582,True,flower,0.761826669780339,True,https://bioimages.vanderbilt.edu/tn/thomas/t0049-08-04.jpg,https://bioimages.vanderbilt.edu/gq/thomas/g0049-08-04.jpg
thomas/0049-08-05,thomas/0049-08,Cercis canadensis,flower,both correct,flower,0.7206604174383915,True,flower,0.5928302869863186,True,flower,0.7047280103348378,True,https://bioimages.vanderbilt.edu/tn/thomas/t0049-08-05.jpg,https://bioimages.vanderbilt.edu/gq/thomas/g0049-08-05.jpg
thomas/0104-01-01,thomas/0104-01,Cephalanthus occidentalis,flower,both correct,flower,0.7245216269458045,True,flower,0.618826824905342,True,fruit,0.5055429897418509,False,https://bioimages.vanderbilt.edu/tn/thomas/t0104-01-01.jpg,https://bioimages.vanderbilt.edu/gq/thomas/g0104-01-01.jpg
thomas/0104-01-02,thomas/0104-01,Cephalanthus occidentalis,flower,both correct,flower,0.9778232679023487,True,flower,0.9977952428217789,True,flower,0.9359339117241564,True,https://bioimages.vanderbilt.edu/tn/thomas/t0104-01-02.jpg,https://bioimages.vanderbilt.edu/gq/thomas/g0104-01-02.jpg
thomas/0104-01-03,thomas/0104-01,Cephalanthus occidentalis,flower,both correct,flower,0.9521034753655032,True,flower,0.9980657734558732,True,flower,0.9080019698092849,True,https://bioimages.vanderbilt.edu/tn/thomas/t0104-01-03.jpg,https://bioimages.vanderbilt.edu/gq/thomas/g0104-01-03.jpg
thomas/0104-01-04,thomas/0104-01,Cephalanthus occidentalis,leaf,DINO correct / BioCLIP wrong,fruit,0.5067821181310712,False,leaf,0.7992758032046458,True,leaf,0.9711780780715562,True,https://bioimages.vanderbilt.edu/tn/thomas/t0104-01-04.jpg,https://bioimages.vanderbilt.edu/gq/thomas/g0104-01-04.jpg
thomas/0301-02-01,thomas/0301-02,Toxicodendron radicans,flower,both correct,flower,0.7138786496454137,True,flower,0.9948893432186794,True,flower,0.9820426332228683,True,https://bioimages.vanderbilt.edu/tn/thomas/t0301-02-01.jpg,https://bioimages.vanderbilt.edu/gq/thomas/g0301-02-01.jpg
thomas/0301-02-02,thomas/0301-02,Toxicodendron radicans,leaf,both correct,leaf,0.8484524941242192,True,leaf,0.9558082825193253,True,leaf,0.8279095899883547,True,https://bioimages.vanderbilt.edu/tn/thomas/t0301-02-02.jpg,https://bioimages.vanderbilt.edu/gq/thomas/g0301-02-02.jpg
thomas/0301-02-03,thomas/0301-02,Toxicodendron radicans,flower,both correct,flower,0.7341611492785735,True,flower,0.9725554058231934,True,flower,0.9723998775460096,True,https://bioimages.vanderbilt.edu/tn/thomas/t0301-02-03.jpg,https://bioimages.vanderbilt.edu/gq/thomas/g0301-02-03.jpg
